1800 CLS:X=10:GOSUB1810:X=23:GOSUB1810:X=9:GOSUB1810:PRINTA:PRINT:X=12:GOSUB1810:PRINT:X=499:GOSUB1810:X=12:GOSUB1810
1802 GOTO1999
1810 FORT1=1TOX:READM:PRINTCHR$(M);:LPRINTCHR$(M);:IFM=32THENSOUND1,1
1811 NEXT:RETURN
1999 GOTO1999
2000 DATA67,79,77,77,85,78,73,81,85,69,70,82,79,77,32,83,84,65,82,70,76,69,69,84,32,67,79,77,77,65,78,68,32,83,84,65,82,68,65
2001 DATA84,69,32,65,76,69,82,84,32,83,84,65,84,85,83,75,76,73,78,71,79,78,32,66,65,84,84,76,69,32,67,82,85,73,83,69,82,83,32
2010 DATA72,65,86,69,32,66,69,69,78,32,67,79,78,68,85,67,84,73,78,71,32,83,79,82,84,73,69,83,32,65,67,82,79,83,83,32,84,72,69
2011 DATA32,78,69,85,84,82,65,76,32,90,79,78,69,32,65,71,65,73,78,83,84,32,70,69,68,69,82,65,84,73,79,78,32,79,85,84,80,79,83
2012 DATA84,32
2020 DATA67,79,76,79,78,73,69,83,32,65,76,79,78,71,32,84,72,69,32,84,72,79,32,45,76,73,65,78,32,65,78,68,32,71,79,84,72,79,83
2021 DATA73,65,78,32,83,69,67,84,79,82,83,46,32,79,85,84,80,79,83,84,83,32,55,32,65,78,68,32,56,32,72,65,86,69,32,66,69,69,78
2022 DATA32
2030 DATA68,69,83,84,82,79,89,69,68,65,83,32,87,69,76,76,32,65,83,32,70,69,68,69,82,65,84,73,79,78,32,83,84,65,82,83,72,73,80
2031 DATA83,32,86,65,76,73,65,78,84,32,65,78,68,32,67,79,78,83,84,69,76,76,65,84,73,79,78,46,32,89,79,85,82,32
2035 DATA77,73,83,83,73,79,78,32,73,83,32,84,79,32,73,77,77,69,68,73,65,84,69,76,89,32,76,69,65,86,69,32,83,84,65,82,66,65,83
2036 DATA69,32,49,50,32,65,78,68,32,77,65,75,69,32,70,79,82,32,84,72,69,32,79,85,84,80,79,83,84,32,65,83,84,69,82,79,73,68,83
2037 DATA32,65,78,68,32
2040 DATA80,65,84,82,79,76,32,84,72,69,32,78,69,65,82,32,84,72,79,76,73,65,78,32,83,69,67,84,79,82,46,32,89,79,85,32,65,82,69
2041 DATA32,84,79,10,69,78,71,65,71,69,32,65,78,68,32,68,69,83,84,82,79,89,32,84,72,69,32,75,76,73,78,71,79,78,32,82,65,73,68
2042 DATA73,78,71,32
2050 DATA80,65,82,84,73,69,83,32,79,80,69,82,65,84,73,78,71,32,73,78,32,84,72,65,84,83,69,67,84,79,82,46,32,70,65,73,76,85,82
2051 DATA69,32,87,73,76,76,32,77,69,65,78,32,84,72,69,32,76,79,83,83,32,79,70,32,84,72,69,32,70,69,68,69,82,65,84,73,79,78,46
2060 DATA32,32,71,79,79,68,32,76,85,67,75,33
