2100 CL=151
2110 DIMC(7,CL)
2130 ZZ=151:FORX=0TO ZZ STEP2:Y=X+1
2140 READC(0,X),C(1,X),C(2,X),C(3,X),C(4,X),C(5,X),C(6,X),C(7,X)
2150 READC(0,Y),C(1,Y),C(2,Y),C(3,Y),C(4,Y),C(5,Y),C(6,Y),C(7,Y):NEXTX
2160 CSAVE*C,"PIRATE2":END
2280 DATA 80,422,342,420,340,0,16559,8850
2290 DATA 80,462,482,460,0,0,15712,1705
2300 DATA 100,521,552,540,229,220,203,8700
2310 DATA 3,483,0,0,0,0,15712,0
2320 DATA 100,284,0,0,0,0,8550,0
2330 DATA 100,28,663,403,40,0,8700,0
2340 DATA 100,48,20,660,740,220,9055,10902
2350 DATA 100,28,20,0,0,0,3810,0
2360 DATA 100,8,700,720,0,0,10868,0
2370 DATA 100,48,40,640,400,300,9055,8305
2380 DATA 25,664,0,0,0,0,4263,0
2390 DATA 40,104,886,0,0,0,4411,0
2400 DATA 80,242,502,820,80,240,9321,10109
2410 DATA 100,8,140,80,500,0,10262,8850
2420 DATA 35,421,846,420,200,0,5162,0
2430 DATA 100,129,120,0,0,0,6508,0
2440 DATA 50,242,982,820,440,240,9321,8850
2450 DATA 35,483,69,0,0,0,15705,0
2460 DATA 10,483,249,0,0,0,15706,0
2470 DATA 50,484,1073,1086,0,0,17661,9150
2480 DATA 50,204,1086,0,0,0,16711,0
2490 DATA 10,209,1040,1060,300,1100,10872,10050
2500 DATA 10,208,1040,1060,89,0,10867,0
2510 DATA 85,483,8,0,0,0,15719,10200
2520 DATA 100,8,0,0,0,0,10200,0
2530 DATA 100,104,0,0,0,0,8550,0
2540 DATA 80,462,282,280,1160,0,1422,0
2550 DATA 158,82,60,0,0,0,8170,9600
2560 DATA 4510,61,0,0,0,0,300,0
2570 DATA 163,22,100,0,0,0,8170,9600
2580 DATA 8100,0,0,0,0,0,16200,0
2590 DATA 4800,104,120,61,0,0,10507,8164
2600 DATA 4800,107,100,61,89,0,10507,8164
2610 DATA 4063,22,0,0,0,0,647,0
2620 DATA 5570,161,203,160,180,0,10870,1264
2630 DATA 6170,181,180,160,0,0,8302,0
2640 DATA 6300,104,0,0,0,0,900,0
2650 DATA 1529,442,465,440,0,0,7800,0
2660 DATA 1529,442,462,0,0,0,760,9150
2670 DATA 183,322,180,0,0,0,8170,9600
2680 DATA 1538,262,242,0,0,0,1800,0
2690 DATA 1538,262,245,260,0,0,7800,0
2700 DATA 5888,262,242,0,0,0,1800,0
2710 DATA 5888,262,245,0,0,0,1950,0
2720 DATA 6188,262,245,541,260,560,2155,7950
2730 DATA 5888,261,0,0,0,0,2400,0
2740 DATA 4088,561,0,0,0,0,2400,0
2750 DATA 4088,263,0,0,0,0,2713,0
2760 DATA 4088,562,580,109,100,249,2303,8700
2770 DATA 4088,249,562,108,900,240,6203,8700
2780 DATA 4088,248,562,0,0,0,6600,0
2790 DATA 4068,103,69,0,0,0,646,0
2800 DATA 4068,103,68,0,0,0,6600,0
2810 DATA 5887,342,0,0,0,0,2550,0
2820 DATA 5887,362,0,0,0,0,2713,0
2830 DATA 5887,382,0,0,0,0,2100,0
2840 DATA 159,382,320,0,0,0,8170,9600
2850 DATA 6187,342,362,0,0,0,2550,0
2860 DATA 6187,345,362,541,360,380,8303,10050
2870 DATA 3461,503,0,0,0,0,172,0
2880 DATA 3750,0,0,0,0,0,9900,0
2890 DATA 1528,0,0,0,0,0,9900,0
2900 DATA 4108,1143,1012,0,0,0,646,0
2910 DATA 6450,0,0,0,0,0,2853,0
2920 DATA 4510,66,0,0,0,0,2720,0
2930 DATA 4950,0,0,0,0,0,9750,0
2940 DATA 5114,0,0,0,0,0,10650,0
2950 DATA 7092,592,0,0,0,0,2745,0
2960 DATA 185,284,140,0,0,0,8156,10564
2970 DATA 4098,1054,0,0,0,0,647,17550
2980 DATA 4098,1053,0,0,0,0,647,17400
2990 DATA 4083,322,0,0,0,0,647,0
3000 DATA 4095,762,0,0,0,0,647,0
3010 DATA 195,782,921,0,0,0,2727,0
3020 DATA 195,762,261,0,0,0,2727,0
3030 DATA 6900,0,0,0,0,0,9450,0
3040 DATA 1526,602,0,0,0,0,2723,0
3050 DATA 1541,621,602,640,520,600,7853,8250
3060 DATA 195,782,661,0,0,0,2727,0
3070 DATA 7092,623,583,303,643,20,8700,0
3080 DATA 7092,0,0,0,0,0,3750,0
3090 DATA 200,722,220,0,0,0,10554,9600
3100 DATA 195,762,61,0,0,0,2727,0
3110 DATA 4050,0,0,0,0,0,10564,0
3120 DATA 1526,523,520,0,0,0,7800,0
3130 DATA 195,762,340,0,0,0,8126,8464
3140 DATA 195,782,360,0,0,0,8157,10564
3150 DATA 7530,404,242,1053,89,0,17250,0
3160 DATA 4800,0,0,0,0,0,450,0
3170 DATA 5868,103,200,69,60,0,4553,8700
3180 DATA 5868,68,0,0,0,0,494,0
3190 DATA 1546,146,0,0,0,0,4800,0
3200 DATA 1546,802,141,140,840,0,8302,0
3210 DATA 2746,841,840,140,0,0,8302,4950
3220 DATA 3496,802,0,0,0,0,811,0
3230 DATA 3496,841,840,140,0,0,811,8302
3240 DATA 7366,822,820,240,400,0,5305,9300
3250 DATA 5861,503,0,0,0,0,2100,0
3260 DATA 8411,501,500,140,0,0,5459,7833
3270 DATA 192,742,400,0,0,0,8170,9600
3280 DATA 201,404,88,420,240,242,8170,8071
3290 DATA 201,404,89,120,0,0,8170,9600
3300 DATA 7530,404,245,0,0,0,2737,0
3310 DATA 7530,404,912,0,0,0,2738,0
3320 DATA 7530,404,89,80,740,420,5908,9300
3330 DATA 7530,404,88,80,740,120,5910,9300
3340 DATA 7671,0,0,0,0,0,6000,0
3350 DATA 4553,903,0,0,0,0,6300,0
3360 DATA 1350,0,0,0,0,0,6000,0
3370 DATA 1510,62,60,0,0,0,7800,0
3380 DATA 5860,63,0,0,0,0,18000,0
3390 DATA 201,404,88,420,0,0,8170,9600
3400 DATA 186,284,360,0,0,0,8170,9600
3410 DATA 1539,482,242,0,0,0,1800,0
3420 DATA 1539,482,480,0,0,0,7904,16800
3430 DATA 194,682,300,0,0,0,8170,9600
3440 DATA 174,149,464,140,0,0,8751,0
3450 DATA 174,160,0,0,0,0,8751,0
3460 DATA 7800,444,940,921,952,0,10548,8014
3470 DATA 7800,124,921,0,0,0,7350,0
3480 DATA 7800,424,992,980,921,0,10553,7264
3490 DATA 8250,104,0,0,0,0,10505,9600
3500 DATA 7800,464,148,1140,921,1152,10553,7264
3510 DATA 1541,643,640,0,0,0,7800,0
3520 DATA 163,104,40,0,0,0,8170,9600
3530 DATA 6300,44,0,0,0,0,15450,0
3540 DATA 4534,583,0,0,0,0,4650,0
3550 DATA 6187,702,541,0,0,0,2713,16050
3560 DATA 5887,702,0,0,0,0,2713,0
3570 DATA 5887,0,722,0,0,0,2100,0
3580 DATA 198,1022,480,0,0,0,8170,9600
3590 DATA 157,2,24,40,0,0,8170,9600
3600 DATA 1510,44,60,40,80,85,7801,10800
3610 DATA 1532,302,208,300,0,0,7800,0
3620 DATA 1532,302,209,0,0,0,2813,0
3630 DATA 1532,305,0,0,0,0,10518,7564
3640 DATA 8411,841,840,140,0,0,8922,0
3650 DATA 165,1122,500,0,0,0,8170,9600
3660 DATA 1392,0,0,0,0,0,6000,0
3670 DATA 6300,284,0,0,0,0,16350,0
3680 DATA 8582,0,0,0,0,0,17700,0
3690 DATA 7800,921,209,302,200,0,8700,0
3700 DATA 7950,0,0,0,0,0,2700,0
3710 DATA 5908,621,1143,1000,0,0,4553,0
3720 DATA 5266,0,0,0,0,0,1800,0
3730 DATA 6300,224,0,0,0,0,17517,17850
3740 DATA 1200,0,0,0,0,0,17100,0
3750 DATA 6300,124,0,0,0,0,16350,0
3760 DATA 1050,208,1040,1060,0,0,10919,0
3770 DATA 6300,184,242,0,0,0,3600,0
3780 DATA 7800,921,160,140,0,0,7410,9000
3790 DATA 6300,0,0,0,0,0,450,0
