5 CLS
10 PRINT TAB(15); ""
20 PRINT TAB(15); ""
30 PRINT TAB(14); ""
40 PRINT TAB(14); ""
50 PRINT TAB(14); ""
60 PRINT TAB(10); "  "
70 PRINT TAB(7); " "
80 PRINT TAB(5); " "
90 PRINT TAB(4); ""
100 PRINT TAB(3);""
110 PRINT TAB(2);""
120 PRINT TAB(1);" "
130 PRINT TAB(1);""
140 PRINT ""
150 PRINT ""
160 PRINT"."
170 PRINT"'"
180 PRINT".'";
200 PRINT@416,".":GOSUB570
210 PRINT@448,".":GOSUB570
220 PRINT@480,"'.";:GOSUB570

230 PRINT@416,"":GOSUB570
240 PRINT@448,":":GOSUB570
250 PRINT@480,".'";:GOSUB570
260 GOTO200

400 DATA 89,1,125,1,147,1,176,1,147,1,125,1
410 DATA 89,1,125,1,147,1,89,1,147,1,125,1
420 DATA 89,1,125,1,147,1,176,1,147,1,125,1
430 DATA 89,1,125,1,147,1,89,1,147,1,125,1
440 DATA 89,2,108,2,125,2,147,2,133,2,133,2,159,2,147,2,147,2,176,2,170,2,176,2
450 DATA 147,2,125,2,89,2,108,2,125,2,133,2,147,2,159,2,147,2
460 DATA 133,2,125,2,108,2,125,2,133,2,32,2,78,2,106,2,133,2,125,2
470 DATA 108,2,125,2,69,2
480 DATA 106,2,125,2,147,2,133,2,133,2,159,2,147,2,147,2,176,2,170,2,76,2
490 DATA 147,2,125,2,89,2,106,2,125,2,58,2,133,2,125,2,106,2
500 DATA 89,2,58,2,32,2,69,2,76,2,89,2
510 DATA 89,1,125,1,147,1,176,1,147,1,125,1
520 DATA 89,1,125,1,167,1,69,1,147,1,125,1
530 DATA 89,1,125,1,147,1,176,1,147,1,125,1
540 DATA 69,1,125,1,147,1,89,1,147,1,125,1
550 DATA -1,-1
570 READA,B:IFA<0ANDB<0THENRESTORE:READA,B
590 SOUNDA,B:RETURN
