10 CLEAR5000
20 CLS:PRINT"DOCTOR WHO DATA FILE":PRINT"INITIALLISER. HIT A KEY."
30 A$=INKEY$:IFA$=""THEN30
50 S$="":FORI=1TO210:READJ:S$=S$+CHR$(J):NEXTI:LPRINTCHR$(34);S$;CHR$(34)
60 DATA 255,159,159,255,47,243,145,255,255,31,84,255,159,246,243
61 DATA 247,111,63,100,102,87,86,255,255,255,255,241,66,255,240,104,152
62 DATA 152,85,50,255,21,63,255,21,242,255,255,243,255,17,50,253,112,152
63 DATA 223,150,152,137,112,96,7,240,118,112
70 DATA 147,105,255,63,255,243,248,255,255,1,96,248,136,136,159
71 DATA 255,246,255,115,240,255,246,249,255,68,68,50,240,112,244,255,255
72 DATA 127,247,255,247,255,132,159,238,238,233,119,39,255,255,247,246,255
73 DATA 255,95,68,84,16,255,242,255,255,255,50
80 DATA 146,134,253,146,51,255,24,48,253,37,17,253,238,238,246,83
81 DATA 117,253,120,112,79,105,86,253,96,146,253,23,128,253,62,228,254
82 DATA 41,120,255,113,54,111,231,226,242,126,9,247,142,158,249,232,46,248
83 DATA 52,33,63,101,25,95,24,69,79
90 DATA 153,153,153,66,84,255,20,51,255,120,99,255,33,81,255,120
91 DATA 70,31,255,240,255,57,136,245,55,87,255,99,99,112
100 S$="":FORI=1TO70:READJ:S$=S$+CHR$(J):NEXTI:LPRINTCHR$(34);S$;CHR$(34)
110 DATA 99,1,2,3,4,5,6,7,8,9,10,11,12,55,99,14,15,10,10,10,16,17
111 DATA 23,19,18,21,22,20,18,24,25,32,27,28,29,30,31,26,33,99,35,36,35
112 DATA 35,37,35,38,35,35,35,39,40,41,42,43,44,45,46,47,48,50,51,52,49,49
113 DATA 50,53,50,49,50
120 S$="":FORI=1TO16:FORJ=1TO4:READK:S$=S$+CHR$(K):NEXTJ,I:LPRINTCHR$(34);S$;CHR$(34)
130 DATA 99,1,99,8,6,2,5,9,58,3,5,8,12,4,2,8,19,5,10,66,23,6,1,8
131 DATA 25,7,2,43,22,8,1,8,30,9,3,27,35,10,1,8,40,11,2,9,44,12,1,26,48,17
132 DATA 2,9,50,14,1,59,53,15,1,8,8,16,1,43
140 ST$="":FORI=1TO78:READX:ST$=ST$+CHR$(X):NEXTI:IFD<>-1THENLPRINTCHR$(34);ST$;CHR$(34)
150 DATA 31,36,36,42,45,42,20,17,38,52,45,46,51,6,50,33,59,16,6,26,3,3,21,7,8,15,60,25
160 DATA 35,22,55,37,27,7,9,36,39,9,40,14,38,58,56,1,1,41,22,19,8,49,32,38,12
170 DATA 37,23,33,10,39,2,40,99,11,46,57,43,99,2,35,41,17,48,53,54,5,5,4,4,44
180 PRINT"INITIALLISATION FINISHED.":END
