10 CLS(0):DIM P(144),D(144):TEMPO=2:GOSUB 400
20 FOR X=1 TO 8
30 READ M(X),L(X)
40 NEXT X
50 FOR X=1 TO 6
60 READ Y,Z,CH,KO
70 FOR RO=Y TO Z STEP -1
80 READ A,B
90 FOR CO=A TO B
100 PRINT@CO+32*RO,CHR$(CH+KO);
110 NEXT CO,RO,X
120 FOR X=1 TO 7
130 READ LO,CH,KO
140 PRINT@LO,CHR$(CH+KO);
150 NEXT X
160 PRINT@173,CHR$(142+64);
170 PRINT@179,CHR$(141+64);
171 FOR X=1 TO 4
172 PRINT@L(X+4*FL),CHR$(M(X+4*FL)+16);
173 NEXT X
180 FOR FL=0 TO 1
220 FOR I=1 TO 144:SOUND P(I),D(I)*TEMPO:NEXT I
240 NEXT FL
300 PRINT@480,"MERRY CHRISTMAS & HAPPY NEW YEAR"
310 PRINT "PLEASE LIKE, SHARE & SUBSCRIBE":END
399 REM —READ IN SONG DATA(PITCH,DURATION)—
400 FOR I=1 TO 95:READ P(I),D(I)
410 REM —NEXT LINE DUPLICATES ONE PART OF SONG
420 IF I<50 THEN P(I+95)=P(I):D(I+95)=D(I)
430 NEXT I:RETURN
500 DATA 193,2,193,2,193,4,193,2,193,2
510 DATA 193,4,193,2,204,2,176,3,185,1
520 DATA 193,8,197,2,197,2,197,3,197,1
530 DATA 197,2,193,2,193,3,193,1
540 DATA193,2,185,2,185,2,193,2,185,4
550 DATA 204,4,193,2,193,2,193,4,193,2
560 DATA 193,2,193,4,193,2,204,2,176,3
570 DATA 185,1,193,8,197,2,197,2,197,3
580 DATA 197,1,197,2,193,2,193,3
590 DATA 193,1,204,2,204,2,197,2,185,2
600 DATA 176,8,147,2,193,2,185,2,176,2
610 DATA 147,7,147,1,147,2,193,2
620 DATA 185,2,176,2,159,8,159,2,197,2
630 DATA 193,2,185,2,170,8,204,2,204,2
640 DATA 197,2,185,2,193,8,147,2,193,2
650 DATA 185,2,176,2,147,7,147,1,147,2
660 DATA 193,2,185,2,176,2,159,8
670 DATA 159,2,197,2,193,2,185,2,204,2
680 DATA 204,2,204,3,204,1,210,2,204,2
690 DATA 197,2,185,2,176,4,204,4
1000 DATA 141,302,139,334,143,338,141,306,143,302,137
1010 DATA 334,143,306,134,338,15,11,137,112,4,28,4,28,4
1020 DATA 28,3,29,3,29,10,9,143,48,5,27,7,25,14,5
1030 DATA 143,64,14,18,12,20,11,21,10,22,10,22,9,23,8
1040 DATA 24,8,24,8,24,8,24,11,4,143,16,14,18,13,19
1050 DATA 13,19,13,19,12,20,11,21,10,22,8,24,5,0,143
1060 DATA 48,27,28,25,28,24,27,9,26,10,25,12,23,3,3
1070 DATA 143,64,8,23,173,142,16,179,141,16,240,128,0
1080 DATA 335,131,16,336,131,16,337,131,16,221,137,64
