10 CLS 
20 FORT=1024+15360TO1535+15360:READA:POKET,A:NEXT 
40 FORY=0TO15:FORX=0TO31:LPRINTCHR$(PEEK(Y*32+X+16384));:NEXT:LPRINT:NEXT
50 END
1000 DATA143,143,143,143,143,147,159,159,159,159,159,159,159,159,159,159,159,159,159,159,159,147,143,143,143,143
1001 DATA143,143,143,143,143,143 
1010 DATA143,143,143,143,151,159,158,207,207,207,156,205,207,207,206,156,207,207,207,156,156,159,159,155,96,143
1011 DATA143,143,96,96,159,159 
1020 DATA96,96,143,151,159,158,128,207,207,207,128,197,207,207,202,128,207,207,207,128,128,148,156,159,159,155
1021 DATA143,143,159,156,157,159 
1030 DATA143,143,151,159,158,128,128,205,207,206,128,196,207,207,200,128,205,207,206,128,128,128,128,128,148,159
1031 DATA159,159,159,207,150,159 
1040 DATA96,96,159,159,154,128,128,128,128,128,128,128,128,128,128,128,128,128,128,128,128,128,128,128,128,159
1041 DATA159,159,159,128,207,159 
1050 DATA143,143,157,159,154,128,128,128,128,128,128,128,128,128,128,128,128,128,128,128,128,128,128,128,145,159
1051 DATA149,159,159,195,207,159 
1060 DATA96,96,143,159,155,128,128,128,128,128,128,128,128,128,128,128,128,128,128,128,128,128,128,145,159,153
1061 DATA159,159,159,159,159,159 
1070 DATA143,143,143,157,159,155,128,128,128,128,128,128,128,128,128,128,128,128,128,128,128,128,128,159,155,159
1071 DATA159,159,159,159,159,159 
1080 DATA96,143,143,143,159,159,128,128,128,128,128,128,128,128,128,128,128,128,128,128,128,128,128,159,159,159
1081 DATA159,159,159,159,159,159 
1090 DATA191,191,191,151,159,158,128,128,128,128,128,128,128,128,128,128,128,128,128,128,128,128,128,159,159,150
1091 DATA159,159,159,159,159,159
1100 DATA191,191,151,159,158,128,128,128,128,128,128,128,128,128,128,128,128,128,128,128,128,128,128,148,159,159
1101 DATA150,159,159,159,159,159 
1110 DATA191,191,159,159,152,128,128,128,128,128,128,128,128,128,128,128,128,128,128,128,128,128,128,128,128,159
1111 DATA155,159,159,159,159,159
1120 DATA175,175,149,159,146,128,128,128,128,128,128,128,128,128,128,128,128,128,128,128,128,128,128,128,145,159
1121 DATA159,159,159,159,159,159
1130 DATA175,175,175,157,159,146,128,128,128,128,128,128,128,128,128,128,128,128,128,128,128,128,128,145,159,159
1131 DATA153,159,159,159,159,159
1140 DATA175,175,175,175,157,159,147,147,128,128,128,128,128,128,128,128,128,128,128,128,128,128,147,159,159,154
1141 DATA159,159,159,159,159,159
1150 DATA175,175,175,175,175,156,156,156,156,156,156,156,156,156,156,156,156,156,156,156,156,156,156,156,152,175
1151 DATA175,175,157,159,159,159
