100 CLEAR3000:CLS0
110 DIMCH(258),CL(4),A,R,C,X,Y,G,I,B:G=1:MC=16384
120 FORI=0TO258:READCH(I):NEXT:GOTO830
200 DATA14,17,19,21,25,17,14,4,12,4,4,4,4,14,14,17,1,14,16,16,31,14,17,1,6,1,17,14,2,6,10,18,31,2,2,31,16,30,1,1,17,14
260 DATA6,8,16,30,17,17,14,31,1,2,4,8,16,16,14,17,17,14,17,17,14,14,17,17,15,1,2,12,0,0,0,0,0,0,0,4,10,17,17,31,17,17
320 DATA30,9,9,14,9,9,30,14,17,16,16,16,17,14,30,9,9,9,9,9,30,31,16,16,30,16,16,31,31,16,16,28,16,16,16,15,16,16,19,17,17,15
380 DATA17,17,17,31,17,17,17,14,4,4,4,4,4,14,1,1,1,1,1,17,14,17,18,20,24,20,18,17,16,16,16,16,16,16,31,17,27,21,21,17,17,17
440 DATA17,25,21,19,17,17,17,14,17,17,17,17,17,14,30,17,17,30,16,16,16,14,17,17,17,21,18,13,30,17,17,30,20,18,17
490 DATA14,17,16,14,1,17,14,31,4,4,4,4,4,4,17,17,17,17,17,17,14,17,17,17,10,10,4,4,17,17,17,17,21,27,17,17,17,10,4,10,17,17
550 DATA17,17,10,4,4,4,4,31,1,2,4,8,16,31
640 B$=MID$(A$,1,1):I=ASC(B$)-48:IFI>15THENI=I-6
650 IFI=-16THENI=10:GOTO690
660 IFI<0ORI>37THEN830
690 I=I*7
700 FORR=0TO6:A=CH(I+R):FORC=0TO4:CL(4-C)=A-INT(A/2)*2:A=INT(A/2):NEXT:FORK=0TO4:IFCL(K)THENSET(X+K,Y+R,G)
790 NEXT:NEXT:X=X+6
830 A$=INKEY$:IFA$=""THEN830
831 IFA$=">"THENFORB=0TO15:FORA=0TO31:LPRINTCHR$(PEEK(32*B+A+MC));:NEXT:LPRINT:NEXT:SOUND100,1:GOTO830
832 IFA$="@"THEN880
833 IFA$=CHR$(13)THENGOSUB860:GOTO830
840 IFX=60THENGOSUB860
850 GOTO640
860 Y=Y+8:X=0:IFY=32THENGOSUB900:Y=24
870 RETURN
880 G=G+1:IFG=9THENG=1
890 SOUNDG*20,1:GOTO830
900 FORA=1TO4:PRINT@511,"€€€€€€€€€€€€€€€€€€€€€€€€€€€€€€€€";:NEXT:POKE16895,128:RETURN
