0 GOTO900

20 A=15:B=15:C=15:D=15:E=15:F=15:G=15:H=15:I=15

21 IFPOINT(X+D(1,.,V),Y+D(1,1,V))THENC=13
22 IFPOINT(X+D(5,.,V),Y+D(5,1,V))THENG=13
23 IFPOINT(X+D(2,.,V),Y+D(2,1,V))THEND=13
24 IFPOINT(X+D(4,.,V),Y+D(4,1,V))THENF=13
25 IFPOINT(X+D(3,.,V),Y+D(3,1,V))THENE=13

26 IFPOINT(X+D(6,.,V),Y+D(6,1,V))THENA=12:B=16:C=4
27 IFPOINT(X+D(10,.,V),Y+D(10,1,V))THENG=6:H=16:I=12
28 IFPOINT(X+D(7,.,V),Y+D(7,1,V))THENB=12:C=12:D=4
29 IFPOINT(X+D(9,.,V),Y+D(9,1,V))THENF=6:G=12:H=12
30 IFPOINT(X+D(8,.,V),Y+D(8,1,V))THEND=12:E=12:F=12

31 IFPOINT(X+D(11,.,V),Y+D(11,1,V))THENA=2
32 IFPOINT(X+D(15,.,V),Y+D(15,1,V))THENI=8
33 IFPOINT(X+D(12,.,V),Y+D(12,1,V))THENA=11:B=11:C=3
34 IFPOINT(X+D(14,.,V),Y+D(14,1,V))THENG=7:H=11:I=11
35 IFPOINT(X+D(13,.,V),Y+D(13,1,V))THENC=11:D=11:E=11:F=11:G=11

36 IFPOINT(X+D(16,.,V),Y+D(16,1,V))THENA=10:B=2
37 IFPOINT(X+D(18,.,V),Y+D(18,1,V))THENH=8:I=10
38 IFPOINT(X+D(17,.,V),Y+D(17,1,V))THENB=10:C=10:D=10:E=10:F=10:G=10:H=10

39 IFPOINT(X+D(19,.,V),Y+D(19,1,V))THENA=1
42 IFPOINT(X+D(20,.,V),Y+D(20,1,V))THENI=9

45 ?@15,MID$(A$,A,1)MID$(A$,B,1)MID$(A$,C,1)MID$(A$,D,1)MID$(A$,E,1)MID$(A$,F,1)MID$(A$,G,1)MID$(A$,H,1)MID$(A$,I,1);
46 ?@32+15,MID$(B$,A,1)MID$(B$,B,1)MID$(B$,C,1)MID$(B$,D,1)MID$(B$,E,1)MID$(B$,F,1)MID$(B$,G,1)MID$(B$,H,1)MID$(B$,I,1);
47 ?@64+15,MID$(C$,A,1)MID$(C$,B,1)MID$(C$,C,1)MID$(C$,D,1)MID$(C$,E,1)MID$(C$,F,1)MID$(C$,G,1)MID$(C$,H,1)MID$(C$,I,1);
48 ?@96+15,MID$(D$,A,1)MID$(D$,B,1)MID$(D$,C,1)MID$(D$,D,1)MID$(D$,E,1)MID$(D$,F,1)MID$(D$,G,1)MID$(D$,H,1)MID$(D$,I,1);

50 SET(X,Y,0):I$=INKEY$+"0":K=ASC(I$):RESET(X,Y):IFI$="0"THEN50
51 V=V+(K=65)-(K=83):V=V-(V<1)*4+(V>4)*4
52 IFK=87THENIFPOINT(X+D(17,.,V),Y+D(17,1,V))=.THENSOUND89,1:X=X+D(17,.,V):Y=Y+D(17,1,V)
60 GOTO20

900 GOSUB5000:GOSUB1000:CLS0:FORY=0TO23:FORX=0TO23:READV:IFVTHENSET(X,Y,1)
901 NEXT:NEXT
910 V=3:X=4:Y=4:GOTO20

1000 A$="¯¯«¢€¡§¯¯ßßÓ€€€£"
1010 B$="¯¯¯¯€¯¯¯¯ßßßßÓ€¯"
1020 C$="¯¯®¨€¤­¯¯ßßÜ€€€¬"
1030 D$="®¨€€€€€¤­Ü€€€€€€"
1090 RETURN

4000 DATA-2,-4,-1,-4,0,-4,1,-4,2,-4,-2,-3,-1,-3,0,-3,1,-3,2,-3,-2,-2,-1,-2,0,-2,1,-2,2,-2,-1,-1,0,-1,1,-1,-1,0,1,0
4010 DATA4,-2,4,-1,4,0,4,1,4,2,3,-2,3,-1,3,0,3,1,3,2,2,-2,2,-1,2,0,2,1,2,2,1,-1,1,0,1,1,0,-1,0,1
4020 DATA2,4,1,4,0,4,-1,4,-2,4,2,3,1,3,0,3,-1,3,-2,3,2,2,1,2,0,2,-1,2,-2,2,1,1,0,1,-1,1,1,0,-1,0
4030 DATA-4,2,-4,1,-4,0,-4,-1,-4,-2,-3,2,-3,1,-3,0,-3,-1,-3,-2,-2,2,-2,1,-2,0,-2,-1,-2,-2,-1,1,-1,0,-1,-1,0,1,0,-1

5000 DIMX,Y,D(20,1,4),V,A,B,C,D,E,F,G,H,I
5010 FORV=1TO4:FORX=1TO20:FORY=0TO1:READD(X,Y,V):NEXT:NEXT:NEXT:RETURN

6000 DATA 1,1,1,1,1,1,1,1,1,1,1,1,1,1,1,1,1,1,1,1,1,1,1,1
6001 DATA 1,1,1,1,1,1,1,1,1,1,1,1,1,1,1,1,1,1,1,1,1,1,1,1
6002 DATA 1,1,1,1,1,1,1,1,1,1,1,1,1,1,1,1,1,1,1,1,1,1,1,1
6003 DATA 1,1,1,1,1,1,1,1,1,1,1,1,1,1,1,1,1,1,1,1,1,1,1,1
6004 DATA 1,1,1,1,0,0,0,0,0,0,0,0,0,0,0,0,0,0,0,0,1,1,1,1
6005 DATA 1,1,1,1,1,0,0,0,1,1,1,1,1,1,1,1,1,0,0,1,1,1,1,1
6006 DATA 1,1,1,1,0,0,0,0,0,0,0,0,0,0,0,0,0,0,0,0,1,1,1,1
6007 DATA 1,1,1,1,0,1,1,0,1,1,1,1,1,0,1,1,0,0,0,1,1,1,1,1
6008 DATA 1,1,1,1,0,1,1,0,1,1,1,1,1,1,1,1,0,0,0,1,1,1,1,1
6009 DATA 1,1,1,1,0,0,0,0,0,0,0,0,0,0,0,0,0,0,0,0,1,1,1,1
6010 DATA 1,1,1,1,1,1,1,1,1,0,1,0,1,0,1,1,0,0,0,1,1,1,1,1
6011 DATA 1,1,1,1,1,1,1,1,1,0,1,0,1,0,1,1,0,0,0,1,1,1,1,1
6012 DATA 1,1,1,1,0,0,0,0,0,0,0,0,0,0,0,0,0,0,0,0,1,1,1,1
6013 DATA 1,1,1,1,1,1,0,1,1,1,0,0,0,0,1,1,0,0,0,0,1,1,1,1
6014 DATA 1,1,1,1,1,1,0,1,1,1,0,0,0,0,1,1,0,0,0,0,1,1,1,1
6015 DATA 1,1,1,1,1,1,0,1,1,1,1,0,0,1,1,1,1,0,0,0,1,1,1,1
6016 DATA 1,1,1,1,1,1,0,0,0,1,1,0,0,1,1,1,1,1,1,1,1,1,1,1
6017 DATA 1,1,1,1,0,0,0,0,0,0,0,0,0,0,0,0,0,0,0,0,1,1,1,1
6018 DATA 1,1,1,1,1,1,1,0,0,1,1,1,1,1,0,1,1,0,1,1,1,1,1,1
6019 DATA 1,1,1,1,0,0,0,0,0,0,0,0,0,0,0,0,0,0,0,0,1,1,1,1
6020 DATA 1,1,1,1,1,1,1,1,1,1,1,1,1,1,1,1,1,1,1,1,1,1,1,1
6021 DATA 1,1,1,1,1,1,1,1,1,1,1,1,1,1,1,1,1,1,1,1,1,1,1,1
6022 DATA 1,1,1,1,1,1,1,1,1,1,1,1,1,1,1,1,1,1,1,1,1,1,1,1
6023 DATA 1,1,1,1,1,1,1,1,1,1,1,1,1,1,1,1,1,1,1,1,1,1,1,1

7000 REM erico patricio monteiro
7010 REM "ALIENS" DUNGEON CRAWL
7020 REM TEST WALL ENGINE
7030 REM MC-10 JIM GERRIE 2020

