0 GOSUB950:MC=16384:FORZ=32768TO33407:READJ:POKEZ,J:NEXT:EXEC32772:CC=RND(-(PEEK(9)*256+PEEK(10))):GOTO93
9 CC=USR(VARPTR(M$)):RETURN: REM MUSIC
60 DATA32,25,32,7,126,130,108,0,0,0,0,134,95,183,128,7,134,245,183,128
61 DATA8,134,130,198,53,32,36,134,95,183,128,7,134,245,183,128,8,134,110,198
62 DATA53,247,128,7,141,24,90,38,253,141,19,124,128,7,246,128,7,90,38,253
63 DATA246,128,7,141,5,193,95,38,233,57,182,128,9,136,128,183,191,255,183,128
64 DATA9,57,2,58,0,26,1,252,0,29,1,196,0,33,1,171,0,35,1,124
65 DATA0,39,1,83,0,44,1,46,0,49,1,29,0,52,0,254,0,59,0,226
66 DATA0,66,0,214,0,70,0,190,0,78,0,169,0,88,0,151,0,99,0,143
67 DATA0,105,0,127,0,117,0,113,0,132,0,107,0,140,0,95,0,157,0,85
68 DATA0,176,0,75,0,198,2,26,0,28,1,223,0,31,1,171,0,35,1,147
69 DATA0,37,1,103,0,42,1,64,0,47,1,29,0,52,1,13,0,55,0,240
70 DATA0,62,0,214,0,70,0,202,0,74,0,180,0,83,0,160,0,93,0,143
71 DATA0,105,0,135,0,111,0,120,0,124,0,107,0,140,0,101,0,148,0,90
72 DATA0,166,0,80,0,186,0,71,0,209,2,92,0,25,2,26,0,28,1,223
73 DATA0,31,1,196,0,33,1,147,0,37,1,103,0,42,1,64,0,47,1,46
74 DATA0,49,1,13,0,55,0,240,0,62,0,226,0,66,0,202,0,74,0,180
75 DATA0,83,0,160,0,93,0,151,0,99,0,135,0,111,0,120,0,124,0,113
76 DATA0,132,0,101,0,148,0,90,0,166,0,80,0,186,0,0,0,0,0,0
77 DATA0,0,0,0,0,0,0,0,0,0,0,0,0,0,0,0,0,134,255,183
78 DATA129,92,134,1,183,129,91,206,0,28,255,129,83,206,128,82,255,129,85,57
79 DATA246,129,92,193,255,39,70,79,5,5,243,129,85,243,129,83,253,129,93,254
80 DATA129,93,236,0,253,129,95,8,8,236,0,253,129,97,253,129,99,254,129,95
81 DATA9,38,253,182,128,9,136,128,183,191,255,183,128,9,254,129,99,9,255,129
82 DATA99,38,230,254,129,97,255,129,99,122,129,91,38,219,189,129,101,57,189,235
83 DATA199,253,129,78,254,129,78,166,0,183,129,82,166,2,183,129,80,166,3,183
84 DATA129,81,189,129,101,182,129,82,38,4,189,129,124,57,254,129,80,166,0,129
85 DATA32,38,12,189,129,124,206,58,66,9,38,253,126,130,95,129,47,38,12,189
86 DATA129,124,204,0,0,253,129,83,126,130,95,129,42,38,12,189,129,124,204,0
87 DATA56,253,129,83,126,130,95,129,45,38,12,189,129,124,206,128,250,255,129,85
88 DATA126,130,95,129,43,38,12,189,129,124,206,128,166,255,129,85,126,130,95,129
90 DATA48,38,6,124,129,91,126,130,95,129,48,35,14,129,57,36,10,54,189,129
91 DATA124,50,128,49,183,129,92,122,129,82,254,129,80,8,255,129,80,126,129,229
92 DATA206,129,202,255,66,22,57,0,0,0,0,0,0,0,0,0,0,0,0,0
93 DIM L$(8),S$(8),S1(8),S2$(8),S3$(8)
94 PRINT"ARE THERE INSTRUCTIONS REQUIRED"
95 PRINT "TYPE EITHER yes OR no":INPUT L$
96 IF L$="YES" THEN 100
97 IF L$="NO" THEN 170
98 PRINT "INVALID COMMAND"
99 GOTO 94
100 PRINT "SCORING IS SIMPLE; 3 ORANGES,   LEMONS OR BANANAS EARN $10"
105 GOSUB 810
110 PRINT "3 CHERRIES EARN $90."
115 GOSUB 810
120 PRINT "IF THE FIRST FRUIT IS AN APPLE","YOU EARN $2,"
125 GOSUB 810
130 PRINT "IF THE FIRST AND SECOND ARE","APPLES YOU EARN $3."
135 GOSUB 810
140 PRINT "IF THE LAST FRUIT IS A CHERRY","AND THE OTHER 2 ARE IHE SAME","BUT NOT APPLES YOU EARN $10."
145 GOSUB 810
160 PRINT "EACH TURN COSTS $1."
165 PRINT "      GOOD LUCK"
166 PRINT "      ---------"
167 GOSUB 810
170 LET J=0 
180 GOTO 720
190 GOSUB 590
200 LET S1=S
210 GOSUB 590
220 LET S2=S
230 GOSUB 590
240 LET S3=S
250 LET S=S1
260 GOSUB 610
270 LET S1$=S$
280 LET S=S2
290 GOSUB 610
300 LET S2$=S$
310 LET S=S3
320 GOSUB 610
330 LET S3$=S$
340 IF S1$="  CHERRY " THEN 380
350 IF S1$="  APPLE  " THEN 420
360 IF S1$=S2$ THEN 440
370 GOTO 460
380 IF S1$=S2$ THEN 400
390 GOTO 460
400 IF S2$=S3$ THEN 480
410 GOTO 460
420 IF S1$=S2$ THEN 500
430 GOTO 520
440 IF S2$=S3$ THEN 540
450 IF S3$="  CHERRY " THEN 540
460 LET J=J-1:GOSUB 860:PRINT:GOTO 560
470 GOTO 550
480 LET J=J+89
490 GOTO 550
500 LET J=J+2
510 GOTO 550
520 LET J=J+1
530 GOTO 550
540 LET J=J+9
550 GOSUB 840:PRINT
560 PRINT S1$;" ";S2$;" ";S3$
565 PRINT
566 PRINT
570 PRINT "YOUR TOTAL EARNINGS ARE $";J
580 GOTO 720
590 LET S=1+INT(RND(0)*5.333+1)
600 RETURN
610 ON S GOTO 620,640,660,680,700
620 LET S$="  CHERRY "
650 GOTO 710
640 LET S$="  APPLE  "
650 GOTO 710
660 LET S$="  LEMON  "
670 GOTO 710
675 PRINT
680 LET S$="  ORANGE "
690 GOTO 710
695 PRINT
700 LET S$="  BANANA "
710 RETURN
720 PRINT
730 PRINT "TO CONTINUE HIT enter. OTHERWISEENTER q";
740 INPUT M$
750 IF M$="" THEN 780
751 IF M$<>"Q" THEN 730
755 PRINT "----------------------------"
760 PRINT "ONE-ARM BANDIT SAYS GOOD-BYE"
765 PRINT "----------------------------"
770 END
780 PRINT
790 GOTO 190
800 END
810 M$="100/51/51230001000":GOSUB9
815 M$="400410203000000":GOSUB9
820 M$="100/51/512300010":GOSUB9
825 M$="33302020302000000":GOSUB9
830 RETURN
840 M$="*1-1*1-1":GOSUB9
850 RETURN
860 M$="/2/-1000":GOSUB9
870 RETURN
950 CLS:PRINT@256,;
955 PRINT "-------------------------------"
960 PRINT "ONE-ARM BANDIT BY MILES GILLRIE"
965 PRINT "-------------------------------"
970 PRINT:RETURN
