10 DIMC(7,171)
2130 FORX=0TO171:READC(0,X),C(1,X),C(2,X),C(3,X),C(4,X),C(5,X),C(6,X),C(7,X):NEXTX
2140 CSAVE*C,"CASTADV2":END
3010 DATA5,281,280,0,0,0,6655,0,8,883,0,0,0,0,16076,0
3020 DATA20,883,564,0,0,0,16108,16200,25,484,265,260,0,0,7983,0
3030 DATA25,344,265,260,0,0,7983,0,40,902,1032,0,0,0,10613,9150
3040 DATA40,224,262,280,20,200,6352,8754,50,784,265,1165,260,0,7983,0
3050 DATA50,584,905,900,0,0,8065,0,50,1183,0,0,0,0,17400,0
3060 DATA50,264,322,0,0,0,10501,5761,100,264,134,120,140,0,10800,0
3070 DATA100,124,0,0,0,0,8550,0,100,264,121,120,140,0,10800,0
3080 DATA100,883,324,0,0,0,16162,0,100,28,660,200,20,0,9364,9960
3090 DATA100,664,0,0,0,0,9813,0,100,264,181,180,40,0,10800,0
3100 DATA100,883,624,0,0,0,16159,0,100,883,804,0,0,0,16160,0
3110 DATA100,262,581,260,220,0,6812,0,150,281,0,0,0,0,1243,0
3120 DATA161,224,722,620,0,0,8170,9600,161,824,1222,780,0,0,8170,9600
3130 DATA161,1062,800,0,0,0,8170,9600,168,682,440,0,0,0,8170,9600
3140 DATA170,44,60,0,0,0,8170,9600,170,24,60,0,0,0,8170,9600
3150 DATA171,104,240,0,0,0,8170,9600,172,104,120,0,0,0,8170,9600
3160 DATA172,124,140,0,0,0,8454,10564,173,284,260,0,0,0,8170,9600
3170 DATA173,84,260,0,0,0,8170,9600,174,562,300,0,0,0,8170,9600
3180 DATA174,662,304,280,660,280,8162,10564,174,662,284,300,660,300,8162,10564
3190 DATA174,662,224,200,660,200,8162,10564,174,761,0,0,0,0,1200,0
3200 DATA174,662,204,220,660,220,8162,10564,174,63,0,0,0,0,4500,0
3210 DATA176,462,800,0,0,0,8170,9600,177,204,0,0,0,0,5100,0
3220 DATA179,204,0,0,0,0,5100,0,179,284,0,0,0,0,5100,0
3230 DATA185,302,84,300,380,380,9354,10564,185,302,384,300,80,80,9354,10564
3240 DATA185,222,0,0,0,0,1200,0,193,842,560,0,0,0,8170,9600
3250 DATA201,0,0,0,0,0,1200,0,1050,604,0,0,0,0,900,0
3260 DATA1050,724,0,0,0,0,900,0,1050,280,0,0,0,0,7806,9900
3270 DATA1200,262,0,0,0,0,3750,0,1200,281,0,0,0,0,1243,0
3280 DATA1213,1162,1054,1040,0,0,7815,0,1215,0,0,0,0,0,9900,0
3290 DATA1216,0,0,0,0,0,3323,0,1223,84,0,0,0,0,1211,0
3300 DATA1224,662,660,60,0,0,8302,2250,1230,462,634,620,0,0,2452,0
3310 DATA1230,484,442,440,460,600,10852,150,1242,704,963,960,520,0,9402,0
3320 DATA1246,544,880,0,0,0,7907,16200,1248,1062,1060,1080,1000,0,10852,17100
3330 DATA1249,0,0,0,0,0,10618,9150,1818,682,141,0,0,0,4650,0
3340 DATA1808,43,141,0,0,0,1231,0,1808,43,132,0,0,0,1246,0
3350 DATA1808,43,123,40,180,0,4872,10350,1810,183,40,180,0,0,2322,0
3360 DATA1818,682,132,0,0,0,1246,0,1818,682,121,680,700,0,10870,9620
3370 DATA1800,0,0,0,0,0,3600,0,2428,84,381,400,320,380,10855,2250
3380 DATA2437,281,0,0,0,0,3324,3450,2439,503,500,0,0,0,8373,1800
3390 DATA3174,204,61,60,660,0,4405,7950,3174,63,724,60,0,0,8352,15450
3400 DATA3174,284,61,60,660,0,4405,7950,3174,63,604,60,0,0,8352,15450
3410 DATA3174,63,60,0,0,0,2303,0,3178,84,381,400,320,380,10855,2250
3420 DATA3181,526,0,0,0,0,1350,0,3181,521,265,520,0,0,2303,0
3430 DATA3181,521,262,520,0,0,18053,0,3191,983,724,980,0,0,8352,15450
3440 DATA3191,604,920,0,0,0,8352,15450,3300,0,0,0,0,0,9813,0
3450 DATA3499,0,0,0,0,0,17550,0,3462,0,0,0,0,0,9750,0
3460 DATA3468,0,0,0,0,0,764,0,3469,0,0,0,0,0,763,0
3470 DATA3471,0,0,0,0,0,764,0,3472,0,0,0,0,0,764,0
3480 DATA3476,0,0,0,0,0,764,0,3480,0,0,0,0,0,871,0
3490 DATA3484,0,0,0,0,0,871,0,3492,0,0,0,0,0,763,0
3500 DATA3450,0,0,0,0,0,10564,0,3900,0,0,0,0,0,9750,0
3510 DATA4050,0,0,0,0,0,9900,0,4207,0,0,0,0,0,10650,0
3520 DATA4350,262,0,0,0,0,3750,0,4361,1082,1052,0,0,0,1203,0
3530 DATA4361,224,265,641,720,240,10815,600,4361,224,265,646,0,0,450,0
3540 DATA4361,1082,1043,1060,1080,0,10815,600,4361,1041,1220,1100,820,0,10854
3560 DATA10564,4361,824,1046,0,0,0,1203,0,4369,161,134,120,0,0,7985,0
3570 DATA4369,161,133,0,0,0,1500,0,4369,161,154,140,0,0,7985,0
3580 DATA4380,0,0,0,0,0,2250,0,4392,0,0,0,0,0,10619,9150
3590 DATA4393,822,820,840,0,0,10815,600,4525,784,1160,260,0,0,10849,7650
3600 DATA4525,262,820,0,0,0,8149,7500,4500,0,0,0,0,0,3600,0
3610 DATA4963,1162,1040,0,0,0,2302,0,4962,0,0,0,0,0,9750,0
3620 DATA4963,1174,0,0,0,0,5400,0,4950,0,0,0,0,0,2700,0
3630 DATA5111,1062,1043,1060,1080,0,10815,450,5111,824,1041,1220,1100,0,10815
3650 DATA450,5250,84,0,0,0,0,5850,0,5250,404,0,0,0,0,5400,0
3660 DATA5250,724,49,40,0,0,8805,0,5250,764,0,0,0,0,1050,0
3670 DATA5250,604,49,40,0,0,8805,0,5250,484,0,0,0,0,6150,0
3680 DATA5250,464,0,0,0,0,6150,0,5250,262,0,0,0,0,15600,0
3690 DATA5250,744,0,0,0,0,1050,0,5250,281,0,0,0,0,7050,0
3700 DATA5250,48,40,0,0,0,9106,0,5250,0,0,0,0,0,5550,0
3710 DATA5400,0,0,0,0,0,2850,0,5550,0,0,0,0,0,3150,0
3720 DATA5708,183,40,180,0,0,2322,0,5711,1082,1052,0,0,0,1246,0
3730 DATA5711,1082,1043,1060,1080,0,10815,600,5711,224,265,646,0,0,450,0
3740 DATA5711,824,1046,0,0,0,1246,0,5711,1041,1220,1100,820,0,10854,10564
3750 DATA5718,702,0,0,0,0,1322,0,5850,483,480,0,0,0,3055,0
3760 DATA5888,483,480,0,0,0,8265,3000,6000,503,500,0,0,0,3055,0
3770 DATA6023,0,0,0,0,0,900,0,6039,503,500,0,0,0,2270,0
3780 DATA6161,824,521,1100,1220,0,10815,6064,6161,824,526,0,0,0,1246,0
3790 DATA6450,84,260,0,0,0,8170,9600,6450,284,260,0,0,0,8170,9600
3800 DATA6632,422,654,640,0,0,7965,150,6770,521,24,0,0,0,6000,0
3810 DATA6770,521,44,0,0,0,6000,0,6770,526,0,0,0,0,1246,0
3820 DATA6774,562,521,560,300,220,10840,8250,7080,621,0,0,0,0,4200,0
3830 DATA7080,601,753,0,0,0,7200,0,7080,601,754,740,0,0,5303,0
3840 DATA7084,464,0,0,0,0,3927,0,7236,763,760,0,0,0,7815,0
3850 DATA7536,761,760,0,0,0,7965,0,7650,824,780,0,0,0,8170,9600
3860 DATA7650,744,760,0,0,0,8170,9600,7650,764,740,0,0,0,8170,9600
3870 DATA7845,1183,1180,1200,0,0,10820,9666,7840,1203,0,0,0,0,3000,0
3880 DATA7800,0,0,0,0,0,3600,0,8260,702,0,0,0,0,1322,0
