4020 DATA01,04,01,02,00,00
4030 DATA02,04,01,05,00,00
4040 DATA00,00,00,00,00,01
4050 DATA01,00,00,00,00,00
4060 DATA00,00,02,00,00,00
4070 DATA00,00,05,00,00,00
4080 DATA00,07,06,08,07,00
4090 DATA08,08,07,08,09,08
4100 DATA08,08,08,10,09,08
4110 DATA00,00,09,00,00,00
4120 DATA00,00,00,00,00,00
4130 DATA02,01,00,00,00,05
4150 DATA04,14,00,00,00,00
4160 DATA13,00,00,00,00,00
4170 DATA00,00,18,00,16,00
4180 DATA00,00,00,17,00,15
4190 DATA00,00,16,00,00,00
4200 DATA00,00,20,15,00,19
4210 DATA23,00,00,00,18,00
4220 DATA21,00,00,18,24,00
4230 DATA00,20,00,19,00,00
4240 DATA18,00,00,00,00,25
4250 DATA00,19,00,00,00,00
4260 DATA00,00,00,00,26,20
4270 DATA00,00,00,00,22,27
4280 DATA00,00,00,00,00,24
4290 DATA00,00,00,00,25,00
4300 DATA00,00,29,00,27,00
4310 DATA00,30,00,28,00,00
4320 DATA29,00,00,00,00,00
4340 DATA032,011,00,034,00,00
4350 DATA033,031,00,00,00,035
4360 DATA00,00,00,00,00,00
4370 DATA035,00,031,00,00,00
4380 DATA00,034,036,00,032,00
4390 DATA00,00,00,035,00,00
4410 DATA00,00,00,00,00,00
4420 DATA038,039,00,00,038,039
4430 DATA038,039,00,00,038,039
4440 DATA00,00,037,024,00,00
4450 DATA00,00,00,00,00,00
4460 DATA033,03,033,033,033,012
