0 CLS:DIMT,M,X,Y,G(31,14),X(4),Y(4),H(4),V(4):M=16384:GOTO900
1 X(T)=X(T)+1:POKE32*Y(T)+X(T)+M,106:NEXT:GOTO21
2 X(T)=X(T)-1:POKE32*Y(T)+X(T)+M,106:NEXT:GOTO21
3 Y(T)=Y(T)+1:POKE32*Y(T)+X(T)+M,106:NEXT:GOTO21
4 Y(T)=Y(T)-1:POKE32*Y(T)+X(T)+M,106:NEXT:GOTO21
5 ONRND(2)GOTO1,3
6 ONRND(3)GOTO1,2,3
7 ONRND(2)GOTO2,3
8 ONRND(2)GOTO3,4
9 ONRND(3)GOTO1,3,4
10 ONRND(4)GOTO1,2,3,4
11 ONRND(3)GOTO2,3,4
12 ONRND(2)GOTO1,4
13 ONRND(2)GOTO1,2
14 ONRND(3)GOTO1,2,4
15 ONRND(2)GOTO2,4

20 FORT=1TO4:POKE32*Y(T)+X(T)+M,96:ONG(X(T),Y(T))GOTO5,6,7,8,9,10,11,12,13,14,15
21 GOTO20

900 FORY=0TO14:FORX=0TO31:READG(X,Y):IFG(X,Y)THENPOKE32*Y+X+M,96:NEXT:NEXT:GOTO999
901 POKE32*Y+X+M,32:NEXT:NEXT
999 X(1)=1:Y(1)=1:X(2)=1:Y(2)=13:X(3)=29:Y(3)=1:X(4)=29:Y(4)=13:GOTO20

1000 DATA00,00,00,00,00,00,00,00,00,00,00,00,00,00,00,00,00,00,00,00,00,00,00,00,00,00,00,00,00,00,00,00
1001 DATA00,01,09,02,09,02,09,02,09,02,09,02,09,02,09,02,09,02,09,02,09,02,09,02,09,02,09,02,09,03,00,00
1002 DATA00,04,00,04,00,04,00,04,00,04,00,04,00,04,00,04,00,04,00,04,00,04,00,04,00,04,00,04,00,04,00,00
1003 DATA00,05,09,06,09,06,09,06,09,06,09,06,09,06,09,06,09,06,09,06,09,06,09,06,09,06,09,06,09,07,00,00
1004 DATA00,04,00,04,00,04,00,04,00,04,00,04,00,04,00,04,00,04,00,04,00,04,00,04,00,04,00,04,00,04,00,00
1005 DATA00,05,09,06,09,06,09,06,09,06,09,06,09,06,09,06,09,06,09,06,09,06,09,06,09,06,09,06,09,07,00,00
1006 DATA00,04,00,04,00,04,00,04,00,04,00,04,00,04,00,04,00,04,00,04,00,04,00,04,00,04,00,04,00,04,00,00
1007 DATA00,05,09,06,09,06,09,06,09,06,09,06,09,06,09,06,09,06,09,06,09,06,09,06,09,06,09,06,09,07,00,00
1008 DATA00,04,00,04,00,04,00,04,00,04,00,04,00,04,00,04,00,04,00,04,00,04,00,04,00,04,00,04,00,04,00,00
1009 DATA00,05,09,06,09,06,09,06,09,06,09,06,09,06,09,06,09,06,09,06,09,06,09,06,09,06,09,06,09,07,00,00
1010 DATA00,04,00,04,00,04,00,04,00,04,00,04,00,04,00,04,00,04,00,04,00,04,00,04,00,04,00,04,00,04,00,00
1011 DATA00,05,09,06,09,06,09,06,09,06,09,06,09,06,09,06,09,06,09,06,09,06,09,06,09,06,09,06,09,07,00,00
1012 DATA00,04,00,04,00,04,00,04,00,04,00,04,00,04,00,04,00,04,00,04,00,04,00,04,00,04,00,04,00,04,00,00
1013 DATA00,08,09,10,09,10,09,10,09,10,09,10,09,10,09,10,09,10,09,10,09,10,09,10,09,10,09,10,09,11,00,00
1014 DATA00,00,00,00,00,00,00,00,00,00,00,00,00,00,00,00,00,00,00,00,00,00,00,00,00,00,00,00,00,00,00,00
