0 CLEAR25:CLS0:PRINT@256,"mcnyan€by€jim€and€charlie€gerrie";:DIMP(7,6),M(121):GOTO10
4 PRINT@P(X,S),"―Ο―";:PRINT@P(X,S)+32,"Ο―Ο";:PRINT@P(X,S)+64,"―Ο―";:RETURN
10 FORS=1TO3:FORX=0TO7:READP(X,S):NEXT:NEXT:FORS=4TO6:FORX=0TO7:P(X,S)=P(X,S-3)+416:NEXT:NEXT
20 FORX=0TO121:READM(X):NEXT:PRINT@484,"press€any€key€to€begin";
30 I$=INKEY$:IFI$=""THEN30
40 CLS3:C=0
50 Q=RND(3):R=3+RND(3):FORX=0TO7:PRINT@0,"――――――――――――――――――――――――――――――――――――――――――――――――――――――――――――――――";
120 PRINT"――――――――――――――――――――――――――――――――ΏΏΏ―ΏΏΏΏ―®γγγγγγγγγγγ­――――――――――";
140 PRINT"ΏΏΏΏΏεοΟοοοοομνοοκ®¬――――――――όεοοοοΟοκίΫνοκΧί¥―――――――";
160 PRINT"Ω•εοοοοοοκίίΫΣΧίί¥―――――――‚ΩεοΟοοοοΥίΘίίέΘίΪ―――――――";
180 PRINT"ίίΣεοοοοΟοΥοίέήίέοΪ―――――――ίίίίί―®δοοοοοολέίΣΣΣΧή§―――――――";
191 PRINT"―ίίίί―――ΥΫ΅ΡΣ΅£££ΡΣ ΆΣ§――――――――――――――――«£―££――――«£§―£§―――――――――";
193 PRINT"――――――――――――――――――――――――――――――――――――――――――――――――――――――――――――――――";
195 PRINT"―――――――――――――――――――――――――――――――――――――――――――――――――――――――――――――――";:
197 S=Q:GOSUB4:SOUNDM(C),1:IFC=121THENC=0:GOTO199
198 C=C+1
199 PRINT@0,"――――――――――――――――――――――――――――――――――――――――――――――――――――――――――――――――";
220 PRINT"――――――――――――――――――――――――――――――――――――――――――――――――――――――――――――――――";
240 PRINT"――ΏΏΏΏΏ――®γγγγγγγγγγγ­――――――――――ΏΏΏΏΏΏεοΟοοοοοομνοκ―®¬―――――――";
260 PRINT"εοοοοΟοοκίΫνκ®Χί¥――――――ώεοοοοοοοκίίΫΣΧίί¥――――――";
280 PRINT"ΣΧεοΟοοοοοΥίΘίίέΘίΪ――――――ίΥΨƒεοοοοΟοοΥοίέήίέοΪ――――――";
291 PRINT"ίίίίΫάΧήδνοοοοοολέίΣΣΣΧή§――――――ίί――――――Υί΅ Σ£££ΆΣ£ΡΣ΅§―――――――";
293 PRINT"――――――――££―«££――――££―«£§――――――――――――――――――――――――――――――――――――――――";
295 PRINT"―――――――――――――――――――――――――――――――――――――――――――――――――――――――――――――――";:S=R:GOSUB4:NEXT:GOTO50
1000 DATA 28,24,20,16,12,8,4,0,16,12,8,4,0,28,24,20,8,4,0,28,24,20,16,12
1100 DATA 155,166,135,135,103,129,121,103,103,121,129,129,121,103,121,135,155,166,135
1110 DATA 155,121,135,103,121,103,135,155,166,135,155,121,135,103,129,135,129,121,103
1120 DATA 121,129,103,121,135,155,121,135,121,103,121,103,121,103,53,77,103,53,77
1130 DATA 103,121,135,103,142,135,103,142,135,142,155,103,103,53,77,103,53,142,135
1140 DATA 121,103,53,53,53,53,103,53,77,103,53,77,103,103,121,135,103,53,77,53
1150 DATA 103,103,87,103,53,77,103,152,135,142,155,103,87,103,103,87,103,53,77,103
1160 DATA 142,135,142,155,103,121
