10 REM 1983 BY DOUG KELLEY
12 'GOSUB1000
15 H$="0123456789ABCDEF"
17 DIMAC30)
20 CLS:PRINT@7,"MICRO MONITOR 1
0" ;
30 PRINT@131,"1)
MEMORY "
;
40 PRINT@163,"2)
RY BLOCK "
;
50 PRINT@195,"3)
F MEMORY"
60 PRINT§227,"4)
F MEMORY "
70 PRINT@259, "5)
RAM" ;
80 PRINT@291,"6)
90 PRINT §360 /'ENTER SELECTION";
100 A$=INKEY$:IF A$=""THEN100
110 IF A$<"l"OR A$>"6"THEN SOUND
1,1:GOSUB100
115 CLS
120 ON VAL(A$)GOSUB300,200,400,5
00,600,700
EXAMINE/CHANGE
DISPLAY A MEMO
SAVE A BLOCK O
LOAD A BLOCK O
EXECUTE A PROG
END PROGRAM"
10096
10097
10098
10099
10100
10101
10102
10103
10104
10105
10106
10107
10108
10109
10110
10111
10112
10113
10114
10115
10116
10117
10118
10119
10120
10121
10122
DATA
DATA
DATA
DATA
DATA
DATA
DATA
DATA
DATA
DATA
DATA
DATA
DATA
DATA
DATA
DATA
DATA
DATA
DATA
DATA
DATA
DATA
DATA
DATA
DATA
DATA
DATA
0,0,0,
0,0,14
16,16,
0,0,14
1,1,13
0,0,14
2,5,4,
0,0,13
16,16,
4,0,12
0,0,1,
16,16,
12,4,4
0,0,26
0,0,22
0,0,14
0,0,22
0,0,13
0,0,22
0,0,15
4,4,31
0,0,17
0,0,17
0,0,17
0,0,17
0,0,17
0,0,31
0,0,0,0,0
,1,15,17,
22,25,17,
,17,16,17
,19,17,19
,17,31,16
14,4,4,4,
,19,19,13
22,25,17,
,4,4,4,14
0,1,1,17,
18,20,24,
,4,4,4,14
,21,21,21
,25,17,17
,17,17,17
,25,17,31
,19,17,31
,25,16,16
,16,14,1,
,4,4,5,2,
,17,17,19
,17,17,10
,17,21,21
,10,4,10,
,17,31,1,
,2,4,8,31
15,0
25,22,0
,14,0
,13,0
,14,0
,17,14
17,17,0
,0
14
20,18,0
,0
,21,0
,17,0
,14,0
,16,16
,1,1
,16,0
30,0
,13,0
,4,0
,10,0
17,0
17,14
,0