01111111
01111111
01111111
01111111
01111111

01111111 01110001 01110000 01110001 01111111
01111111 01000001 01000000 01000001 01111111
01111111 01111111 01111111 01111111 01111111
01111111 01111111 01111000 01111001 01111001
01111001 01111000 01111000 01111000 01111111
01111111 01000001 01000001 01000001 01110111
01110111 01000000 10000000 01000000 01000001
01000001 01000001 10000000 01000001 01000001
01000001 01000001 01000001 01000001 01110111
01110111 01000001 00000001 01000001 01111111
01111111 10000000 10000000 10000000 01111111
01111111 01111111 01111111 01111111 01111111
01111111 00000001 00000001 00000001 01111111
01111111 01000001 00000001 01000001 01111111
01111111 01111111 01111111 01111111 01111111
01111111 01111111 01001111 01001111 01011111
01011111 00001111 00001111 00001111 01111111
01111111 01000010 01110110 01000010 01011111
01011111 01000010 01111010 01000010 01011111
01011111 01000001 01111101 01000001 01011101
01011101 01010001 01010111 01010100 01010101
01010101 01110101 01000111 01011100 01010001
01010001 01011111 01010001 01010101 01010101
01010101 01010100 01010111 01010000 01010101
01010101 01011101 01000101 01010001 01111111
01111111 10000000 00111100 00000001 01101001
01101001 00101000 00101111 00000001 01111011
01111011 01001001 01001001 01001001 01111111
01111111 01010100 01000101 00011101 01010101
01010101 01010101 01010101 00010100 01010111
01010111 01000111 01110111 01010000 01011111
01011111 00010000 01110110 00000100 01111101
01111101 01000000 01011111 01000000 01111111
01111111 10000000 00010101 01110111 01000001
01000001 00010100 01010111 01000100 01111111
01111111 01100011 01101011 01101000 01101111
01101111 10000000 01111111 01111111 01111111
01111111 01111111 01111011 10000000 01111111
01111111 01000100 01010101 00010001 01111111
01111111 00000001 00111101 00100101 01101101
01101101 00101101 01100001 00100100 01111111
01111111 00000001 01111101 01000000 01011011
01011011 00010000 01111111 10000000 01011111
01011111 01010000 01011111 10000000 01110111
01110111 00010001 01011101 01010001 01010101
01010101 01010100 01010101 00010000 01110111
01110111 00010000 01010111 01000100 01111101
01111101 01000000 01011111 01010001 01010001
01010001 01010111 01010000 00011111 01111111
01111111 01010001 01010111 00010111 01010001
01010001 00000101 01111101 00000001 01111101
01111101 00000001 01111101 00010001 01010101
01010101 01000111 01010001 01011101 01010001
01010001 00010111 01110001 00011101 01010001
01010001 00010111 01110101 00100101 01101101
01101101 00000001 01010111 01010001 01011101
01011101 01001001 00001001 01001001 01111111
01111111 01000000 01011111 01011111 01011111
01011111 01000000 01111111 01111111 01111111
01111111 01110001 01110001 01110000 01111111
01111111 01000000 01011111 01011111 01011111
01011111 01111111 01000000 01000111 01111111
01111111 01001111 01000000 01001111 01111111
01111111 01000001 01000101 01000100 01111111
01111111 10000000 01111111 01100000 01101111
01101111 00000001 01101111 01101001 01101101
01101101 01100101 01110101 00000101 01110101
01110101 00010101 01010101 01010101 01010101
01010101 01010101 00010101 01000101 01111101
01111101 01111101 11111111 01101100 01101111
01101111 01100000 01111011 00000011 01111111
01111111 00000001 01111101 11111111 01101101
01101101 01101101 01101100 01111111 01111111
01111111 01000001 01000001 01000001 01110111
01110111 01000001 01000001 01000001 01000001
01000001 01110111 01110111 01110111 01110111
01110111 01110111 01110111 10000000 01110111
01110111 00000111 01111111 01111111 01111111
01111111 01000001 01000001 01111101 01111101
01111101 01111101 00000001 01101011 01101011
01101011 01101011 01101011 01101011 01101011
01101011 01101011 01101011 01101111 01101111
01101111 01101111 01101111 01101111 01101111
01101111 01101111 01101111 00000001 01111101
01111101 01000001 01011111 01000001 01111111
00000101 01110101 01110101 00000101 00101111
10101100 01111111 00100010 00000000 00000000
