150 GOSUB520
160 GOSUB750
170 GOSUB3140
180 GOSUB860
181 FORCC=0TO1STEP0:CC=-(INKEY$<>""):NEXT:BO=BO+1:GOTO180
190 GOSUB1210


200 REM UPDATE TIMER HERE
210 GOSUB1340

520 CLS0
530 PRINT@32*0+21,"ROCK HOPPER";
540 PRINT@32*2+21,"TIME";
550 PRINT@32*4+21,"MEN";
730 RETURN

750 REM SET *** SET UP ***
770 DIM BO(20,20),LO(20,20):HS=1000:NA$="NJS"
790 BO=1:ME=3:SC=0
800 X=2:Y=2:T=568
810 M=130:N=160
820 CO=0
840 RETURN


860 REM *** SET UP BOARD ***
880 IFFF=-1THENBO=0:GOTO1000
890 ONBOGOSUB900,910,920,930,940,950,960,970,980,990:GOTO1000
900 RESTORE:RETURN
910 RESTORE:FORZZ=1TO1:GOSUB999:NEXT:RETURN
920 RESTORE:FORZZ=1TO2:GOSUB999:NEXT:RETURN
930 RESTORE:FORZZ=1TO3:GOSUB999:NEXT:RETURN
940 RESTORE:FORZZ=1TO4:GOSUB999:NEXT:RETURN
950 RESTORE:FORZZ=1TO5:GOSUB999:NEXT:RETURN
960 RESTORE:FORZZ=1TO6:GOSUB999:NEXT:RETURN
970 RESTORE:FORZZ=1TO7:GOSUB999:NEXT:RETURN
980 RESTORE:FORZZ=1TO8:GOSUB999:NEXT:RETURN
990 RESTORE:FORZZ=1TO9:GOSUB999:NEXT:RETURN

999 FORB=0TO17:FORA=0TO17:READC:NEXT:NEXT:READM1,GX,GY:RETURN

1000 FORB=0TO17:FORA=0TO17:IFFF=-1THENGOSUB1260:GOTO1040
1030 READC:IFC=.THENBO(A,B)=32
1050 IFC=1THENBO(A,B)=223
1060 IFC=2THENBO(A,B)=79
1070 IFC=3THENBO(A,B)=42
1080 IFC=4THENBO(A,B)=128
1100 IFB<16THENPRINT@32*B+A,CHR$(BO(A,B));
1150 NEXT:NEXT:READYM1,GX,GY
1160 RETURN

3140 RETURN

3420 REM *** BOARD 1 *** 
3440 DATA 1,1,1,1,1,1,1,1,1,1,1,1,1,1,1,1,1,1
3450 DATA 1,1,1,1,4,4,4,1,1,1,1,1,1,1,1,1,1,1
3460 DATA 1,1,2,1,1,1,1,1,1,1,0,0,0,0,0,0,2,1
3470 DATA 1,1,1,3,2,1,1,2,1,1,0,1,1,1,1,1,1,1 
3430 DATA 1,1,1,1,1,1,1,2,1,1,0,1,1,1,1,1,1,1
3490 DATA 2,1,1,1,1,1,1,3,1,1,0,1,1,1,1,1,1,1
3500 DATA 3,1,1,1,1,1,1,1,1,1,0,1,1,2,2,1,1,1
3510 DATA 1,1,1,2,3,2,1,1,1,0,3,1,1,3,3,3,1,1 
3520 DATA 1,1,1,1,1,1,1,1,1,0,1,1,1,1,2,2,1,1
3530 DATA 1,1,1,1,1,1,1,1,1,0,1,1,1,1,1,1,1,1
3540 DATA 1,1,2,1,1,1,2,1,1,0,1,1,1,1,1,1,1,1
3550 DATA 1,1,0,0,0,0,0,1,1,0,1,1,1,1,1,1,1,1
3560 DATA 1,1,0,4,4,4,0,1,1,0,1,1,1,1,1,1,1,1
3570 DATA 1,1,0,4,3,4,0,0,0,0,1,1,4,4,2,2,1,1
3580 DATA 1,1,0,4,3,4,0,1,1,1,1,1,2,2,2,2,1,1
3590 DATA 1,1,0,4,1,4,0,1,1,1,1,1,2,4,4,2,1,1
3600 DATA 1,1,0,0,0,0,0,1,1,1,1,1,1,1,1,1,1,1
3610 DATA 1,1,1,1,1,1,1,1,1,1,1,1,1,1,3,3,1,1
3620 DATA 12,0,0 
3630 REM 
3640 REM *** board 2 ***
3650 REM 
3660 DATA 1,0,0,0,0,0,0,0,0,0,0,0,0,0,0,0,0,1 
3670 DATA 1,1,2,1,1,1,0,0,2,2,0,0,1,1,1,2,1,1
3680 DATA 1,1,1,1,1,1,1,1,1,1,1,1,1,1,1,1,1,1
3690 DATA 1,1,1,1,1,1,1,1,3,3,1,1,1,1,1,1,1,1
3700 DATA 2,2,4,1,4,1,4,4,2,2,4,4,1,4,1,4,2,2
3710 DATA 1,1,1,1,0,0,0,1,1,1,1,0,0,0,1,1,1,1
3720 DATA 1,0,0,1,0,3,0,2,1,1,2,0,3,0,1,0,0,1
3730 DATA 1,0,0,1,0,2,2,1,1,1,1,2,2,0,1,0,0,1
3740 DATA 1,0,0,1,1,1,1,1,1,1,1,1,1,1,1,0,0,1
3750 DATA 1,0,0,0,1,1,1,1,1,1,1,1,1,1,0,0,0,1
3760 DATA 1,0,0,0,0,0,0,0,1,1,0,0,0,0,0,0,0,1
3770 DATA 1,0,0,0,0,0,0,0,1,1,0,0,0,0,0,0,0,1
3780 DATA 1,0,0,0,0,0,0,0,1,1,0,0,0,0,0,0,0,1
3790 DATA 1,0,0,0,0,0,0,0,1,1,0,0,0,0,0,0,0,1
3800 DATA 1,0,0,0,0,0,0,0,1,1,0,0,0,0,0,0,0,1
3810 DATA 1,0,0,0,0,0,0,0,1,1,0,0,0,0,0,0,0,1
3820 DATA 1,0,0,0,0,0,1,0,2,2,0,1,0,0,0,0,0,1
3830 DATA 3,3,3,3,3,3,1,3,4,4,3,1,3,3,3,3,3,3
3840 DATA 18,0,0 
3850 REM 
3860 REM *** board 3 ***
3870 REM 
3880 DATA 1,1,1,0,0,0,0,0,0,0,0,0,0,0,0,1,1,1
3890 DATA 1,1,1,0,0,0,0,0,2,2,0,0,0,0,0,1,1,1
3900 DATA 1,1,1,2,2,0,0,0,1,1,0,0,0,2,2,1,1,1
3910 DATA 1,1,2,3,1,0,0,0,1,1,0,0,0,1,3,2,1,1
3920 DATA 1,1,1,1,1,1,1,1,1,1,1,1,1,1,1,1,1,1
3930 DATA 1,1,1,1,1,1,1,1,1,1,1,1,1,1,1,1,1,1
3940 DATA 4,4,4,4,4,4,4,2,0,0,2,4,4,4,4,4,4,4
3950 DATA 4,0,0,0,0,0,0,0,0,0,0,0,1,1,1,1,1,2
3960 DATA 4,0,0,0,0,0,0,0,3,3,0,0,1,1,1,1,3,2
3970 DATA 4,0,0,0,0,0,0,0,1,1,0,0,0,0,0,0,1,2
3980 DATA 4,0,0,0,0,0,1,1,1,1,1,1,0,0,0,0,1,2
3990 DATA 4,0,2,2,1,1,1,1,1,1,1,1,1,1,0,0,1,2
4000 DATA 4,0,0,2,1,1,2,2,1,1,2,2,1,1,0,0,1,2 
4010 DATA 4,0,0,2,1,3,3,3,1,1,3,3,3,1,0,0,1,2 
4020 DATA 4,0,0,2,1,1,1,1,1,1,I,1,1,1,0,0,1,2 
4030 DATA 4,0,0,2,1,1,1,1,1,1,1,1,1,1,0,0,1,2
4040 DATA 4,3,3,2,1,1,1,1,1,1,1,1,1,1,1,1,1,2
4050 DATA 4,4,4,4,4,4,4,4,4,4,4,4,4,4,4,4,4,4
4060 DATA 13,0,0
4070 REM
4080 REM *** board 4 ***
4090 REM
4100 DATA 1,1,2,0,0,0,0,0,0,0,0,0,0,0,0,2,1,1
4110 DATA 1,1,2,0,0,0,0,3,3,3,3,0,0,0,0,2,1,1
4120 DATA 1,1,1,1,1,2,4,1,4,4,1,4,2,1,1,1,1,1
4130 DATA 1,1,2,2,1,0,0,3,3,3,3,0,0,1,2,2,1,1
4140 DATA 1,1,3,2,0,0,0,0,0,0,0,0,0,0,2,3,1,1
4150 DATA 1,1,1,1,0,2,2,2,2,2,2,2,2,0,1,1,1,1
4160 DATA 1,4,1,1,0,2,2,2,2,2,2,2,2,0,1,1,4,1
4170 DATA 1,4,1,1,0,0,0,0,0,0,0,0,0,0,1,1,4,1
4180 DATA 1,1,1,1,4,4,4,4,4,4,4,4,4,4,1,1,1,1
4190 DATA 1,1,1,1,1,1,1,1,1,1,1,1,1,1,1,1,1,1
4200 DATA 1,0,2,2,1,1,2,2,2,2,2,2,1,1,2,2,0,1
4210 DATA 1,0,0,0,1,1,0,0,0,0,0,0,1,1,0,0,0,1
4220 DATA 1,1,1,1,1,0,0,0,0,0,0,0,0,1,1,1,1,1
4230 DATA 1,0,0,0,1,0,3,3,3,3,3,3,0,7,0,0,0,1
4240 DATA 1,0,0,0,1,0,0,0,0,0,0,0,0,1,0,0,0,1
4250 DATA 1,0,0,0,1,0,2,2,2,2,2,2,0,1,0,0,0,1
4260 DATA 4,4,4,4,4,4,4,4,4,4,4,4,4,4,4,4,4,4
4270 DATA 4,4,4,4,4,4,4,4,4,4,4,4,4,4,4,4,4,4 
4280 DATA 16,0,0
4290 REM 
4300 REM *** board 5 *** 
4310 REM 
4320 DATA 1,1,1,2,2,1,0,0,0,0,0,1,1,1,1,1,1,2
4330 DATA 1,1,1,3,3,1,0,0,0,0,1,1,0,0,0,0,0,0
4340 DATA 1,1,4,4,4,1,4,4,4,4,1,0,0,0,3,3,3,0
4350 DATA 1,4,3,3,4,1,4,2,2,0,1,0,0,0,0,0,0,0
4360 DATA 1,4,1,0,4,1,4,2,0,0,1,4,4,4,0,0,0,0
4370 DATA 1,4,1,0,4,1,4,0,0,1,1,0,0,0,0,0,0,0
4380 DATA 1,4,1,4,4,1,0,0,1,1,2,2,4,4,0,0,0,0
4390 DATA 1,0,1,1,1,1,0,0,1,0,0,0,0,0,0,0,0,0
4400 DATA 1,1,1,1,1,1,3,3,3,0,0,0,0,0,0,0,0,0
4410 DATA 2,2,1,1,0,0,0,0,0,0,0,0,0,0,0,0,0,2
4420 DATA 0,0,0,1,0,0,0,0,0,4,4,0,0,0,0,0,0,4
4430 DATA 0,0,0,1,0,2,2,2,0,0,0,0,0,0,0,1,1,4
4440 DATA 1,1,1,2,0,1,1,0,0,0,0,2,0,0,0,4,1,4
4450 DATA 4,0,0,4,0,2,2,0,4,0,0,4,0,0,0,4,1,4
4460 DATA 4,0,0,4,0,0,0,0,4,0,0,1,1,1,1,1,1,4
4470 DATA 4,0,0,4,0,0,0,0,4,0,0,4,0,2,4,0,3,4
4480 DATA 4,5,3,1,1,1,1,1,1,3,3,4,0,2,4,4,4,4
4490 DATA 4,4,4,4,0,2,2,0,4,4,4,4,0,2,0,0,2,0
4500 DATA 15,0,0
4510 REM
4520 REM *** board 6 ***
4530 REM
4540 DATA 1,0,4,1,3,1,1,1,1,1,1,1,1,1,1,3,4,3
4550 DATA 4,0,4,1,4,1,4,4,4,4,4,4,4,4,4,4,4,1
4560 DATA 4,0,4,1,4,1,4,1,3,1,4,1,3,2,2,2,2,1
4570 DATA 4,0,4,1,4,1,1,1,4,1,4,1,4,2,2,2,2,1
4580 DATA 4,0,4,1,4,4,4,4,4,1,4,1,4,2,2,2,2,1
4590 DATA 4,0,4,1,4,4,1,1,1,1,4,1,4,2,2,2,2,1
4600 DATA 4,0,4,1,4,4,1,4,4,4,4,1,4,4,4,4,2,1
4610 DATA 4,0,4,1,4,4,1,4,1,1,1,1,1,1,3,4,2,1
4620 DATA 4,0,4,1,4,4,1,1,3,4,4,4,4,4,1,1,2,1
4630 DATA 4,0,4,1,4,1,1,4,4,4,4,4,4,4,4,1,2,1
4640 DATA 4,0,4,1,4,1,4,4,1,1,1,1,1,3,4,1,2,1
4650 DATA 4,0,4,1,4,1,4,1,1,4,4,4,4,1,4,1,2,1
4660 DATA 4,0,4,1,4,1,4,1,4,4,4,4,4,1,4,1,2,1
4670 DATA 4,0,4,1,4,1,4,1,4,1,3,1,4,1,4,1,2,1
4680 DATA 4,0,4,1,4,1,4,1,4,1,4,1,4,1,4,1,2,1
4690 DATA 4,0,4,1,4,1,4,1,4,1,4,1,4,1,4,1,2,1
4700 DATA 4,0,4,1,4,1,4,1,4,1,4,1,4,4,4,1,4,1
4710 DATA 4,0,3,0,4,1,1,1,1,1,4,1,1,1,1,1,4,1
4720 DATA 10,0,0
4730 REM 
4740 REM *** board 7 ***
4750 REM 
4760 DATA 1,1,1,1,1,1,1,1,1,2,1,1,3,1,4,4,2,2
4770 DATA 4,4,4,2,1,4,1,2,1,2,1,2,3,1,1,1,1,1
4780 DATA 3,3,3,1,1,1,1,4,1,2,1,2,4,1,2,1,1,1
4790 DATA 4,4,4,2,1,1,1,1,1,2,1,2,4,1,2,1,1,4
4800 DATA 1,1,1,1,1,1,1,1,1,2,1,2,4,1,3,1,1,1
4810 DATA 1,4,1,1,1,1,1,1,1,2,1,2,4,1,3,1,1,1
4820 DATA 2,4,1,2,4,1,4,4,4,2,1,2,4,1,3,1,1,1
4830 DATA 1,1,1,1,0,1,1,1,4,4,1,4,4,2,2,4,0,4
4840 DATA 4,4,4,4,0,4,4,1,1,1,1,3,3,2,4,0,0,0
4850 DATA 2,2,2,2,0,2,4,4,4,4,4,2,4,2,4,0,0,0
4860 DATA 0,0,0,0,0,0,0,0,0,0,0,0,0,0,0,0,0,0
4870 DATA 0,0,0,0,0,0,0,0,0,0,0,0,0,0,0,0,0,0
4880 DATA 4,4,4,4,0,4,4,4,1,4,4,4,4,4,1,4,4,4
4890 DATA 0,0,0,0,0,1,1,1,1,1,1,4,1,1,1,1,1,3
4900 DATA 0,0,0,0,0,1,1,1,4,4,1,4,1,4,1,4,1,2
4910 DATA 1,1,1,2,3,2,1,1,4,4,1,4,1,4,1,4,1,2
4920 DATA 0,0,0,2,1,3,2,1,1,4,1,4,1,4,1,4,1,2
4930 DATA 0,0,0,2,1,1,4,1,1,4,1,1,1,4,1,1,1,4
4940 DATA 13,0,0
4950 REM
4960 REM *** board 8 ***
4970 REM
4980 DATA 0,1,2,3,0,4,3,4,0,0,0,0,0,1,1,1,1,3
4990 DATA 1,1,1,4,0,4,3,4,0,0,0,0,0,0,0,0,0,1
5000 DATA 2,2,1,4,0,0,1,0,0,0,0,0,0,0,0,0,0,1
5010 DATA 1,1,1,4,2,4,0,4,0,0,3,0,0,0,0,0,2,1
5020 DATA 0,0,0,0,1,2,0,2,0,4,4,4,4,0,0,0,2,1
5030 DATA 0,0,0,0,1,2,0,4,0,0,0,0,0,0,0,0,2,1
5040 DATA 0,0,0,0,1,1,0,0,0,0,0,0,0,0,0,0,4,1
5050 DATA 0,0,0,0,1,4,1,1,1,4,1,1,1,1,1,1,4,1
5060 DATA 0,0,0,0,1,4,1,1,2,4,4,4,4,2,1,1,4,1
5070 DATA 0,0,0,1,1,1,1,1,3,3,3,3,3,3,1,1,4,1
5080 DATA 0,0,0,1,0,4,1,1,2,2,2,2,2,2,1,1,4,1
5090 DATA 2,0,0,1,0,4,1,1,1,1,1,1,1,1,1,1,1,1
5100 DATA 1,0,0,1,0,4,1,1,4,4,4,4,4,4,0,4,4,0
5110 DATA 3,0,0,1,0,4,4,4,4,0,0,0,0,0,0,0,0,0
5120 DATA 1,0,0,1,0,0,0,0,0,0,0,0,0,0,4,0,0,0
5130 DATA 3,0,0,1,0,0,0,0,0,0,0,0,0,0,0,4,0,0
5140 DATA 1,0,0,1,1,1,1,1,1,1,1,1,1,1,0,0,4,0
5150 DATA 3,3,0,0,0,0,0,0,0,0,0,0,0,0,0,0,0,4
5160 DATA 15,0,0
5170 REM
5180 REM *** board 9 ***
5190 REM
5200 DATA 0,1,1,1,1,1,1,1,1,1,1,1,1,1,1,1,1,1
5210 DATA 1,1,2,1,1,1,1,1,1,2,1,1,1,1,1,1,1,2
5220 DATA 1,1,1,1,1,1,1,1,1,1,1,1,1,1,1,1,1,1
5230 DATA 1,1,1,1,2,1,1,2,1,1,1,1,2,1,1,1,1,1
5240 DATA 2,2,1,1,1,1,1,1,1,1,1,1,1,1,1,2,1,1
5250 DATA 1,7,2,1,1,1,4,4,4,4,4,1,1,1,1,1,1,1
5260 DATA 1,1,1,1,1,1,4,1,1,1,4,1,1,1,1,1,1,1
5270 DATA 1,1,1,1,1,1,4,1,1,1,4,1,1,2,1,1,1,1
5280 DATA 1,2,1,1,1,7,2,4,4,1,4,1,1,1,1,T,1,1
5290 DATA 1,1,1,1,1,1,2,1,3,1,4,1,1,1,1,2,1,1
5300 DATA 1,1,1,1,1,1,2,1,3,1,4,1,1,1,1,1,1,1
5310 DATA 1,1,1,2,1,1,4,1,1,1,4,1,1,1,1,1,1,1
5320 DATA 1,1,1,1,1,1,4,4,4,4,4,1,1,2,1,1,1,1
5330 DATA 1,1,1,1,1,1,1,1,1,1,1,1,1,1,1,1,1,1
5340 DATA 1,1,2,4,2,4,2,4,2,4,2,4,2,1,1,1,1,1
5350 DATA 1,1,0,2,0,2,1,2,1,2,0,2,0,1,1,1,1,1
5360 DATA 1,1,3,1,3,1,4,1,4,1,3,1,3,1,1,1,1,1
5370 DATA 1,1,1,2,1,2,1,2,1,2,1,2,1,1,1,1,1,1
5380 DATA 6,11,12
5390 REM *** board 10 ***
5400 REM
5410 DATA 0,1,1,1,1,1,1,1,1,1,1,1,1,2,4,4,4,2 
5420 DATA 1,1,1,1,1,4,4,4,4,1,1,1,1,4,3,3,3,2 
5430 DATA 1,1,1,1,1,4,1,1,1,1,1,1,1,2,0,0,3,2 
5440 DATA 1,1,1,1,1,4,1,1,4,1,1,1,1,4,3,3,3,2 
5450 DATA 1,1,1,1,1,4,1,1,4,1,1,1,1,2,2,2,2,2 
5460 DATA 2,2,1,1,1,4,4,4,4,1,1,1,1,1,1,1,1,1 
5470 DATA 3,1,1,1,1,2,1,1,1,1,1,1,1,1,1,1,1,1 
5480 DATA 1,1,1,1,1,1,1,1,1,1,1,1,1,1,1,1,1,1 
5490 DATA 1,1,1,1,1,1,1,1,1,1,2,1,2,1,1,1,1,1 
5500 DATA 1,1,1,1,1,1,1,1,1,1,4,1,4,1,1,1,1,1 
5510 DATA 1,1,1,1,1,1,1,1,1,1,4,1,4,1,1,1,1,1 
5520 DATA 1,1,2,1,1,1,1,1,4,4,4,1,4,4,1,1,1,1 
5530 DATA 4,1,4,1,1,1,4,4,4,0,0,0,0,4,4,1,1,1 
5540 DATA 4,1,4,1,4,4,4,2,0,0,0,2,0,0,4,4,1,3 
5550 DATA 4,7,4,4,4,0,0,1,0,0,2,0,2,0,0,4,4,1 
5560 DATA 4,3,4,0,0,0,0,1,0,0,0,0,0,0,0,2,4,4 
5570 DATA 4,1,0,0,0,0,0,1,0,2,0,1,0,2,0,1,0,4 
5580 DATA 4,1,0,0,0,0,0,1,0,0,3,3,3,0,0,1,0,4
5390 DATA 13,17,14
