0 GOSUB100:GOTO50
20 K=PEEK(383)ANDPEEK(17023)
21 DRAW"BM"+STR$(X)+",170;E6F6":GOTO20
50 PMODE 1:SCREEN 1,0:PCLS:COLOR 3
55 LINE(0,0)-(255,170),PSET,BF
60 COLOR 4
65 LINE(100,100)-(160,100),PSET:LINE(160,100)-(255,125),PSET:LINE(0,125)-(100,100),PSET
70 COLOR 1
75 DRAW"BM128,50;F5R3E5"
80 FORT=1TO10:PSET(RND(255),RND(160),2):NEXT
85 X=10:Y=88:COLOR 2:M$="SCORE  0000 POINTS":GOSUB800
90 X=128:GOTO20
99 GOTO99
100 CLEAR100:CLS
110 DIMC(258),A,B,R,C,X,Y,T,I:MC=16384
120 FORI=0TO258:READC(I):NEXT:GOTO50
640 I=ASC(B$)-48:IFI>15THENI=I-6
650 IFI=-16OR(I<0ORI>37)THENI=10
690 I=I*7
700 FORR=0TO6:A=C(I+R):FORC=0TO4:B=A-INT(A/2)*2:A=INT(A/2):IFBTHENPSET((X+4-C)*2,(Y+R)*2)
790 NEXT:NEXT:X=X+6:RETURN
800 FORT=1TOLEN(M$):B$=MID$(M$,T,1):GOSUB640:NEXT:RETURN
900 DATA14,17,19,21,25,17,14,4,12,4,4,4,4,14,14,17,1,14,16,16,31,14,17,1,6,1,17,14,2,6,10,18,31,2,2,31,16,30,1,1,17,14
910 DATA6,8,16,30,17,17,14,31,1,2,4,8,16,16,14,17,17,14,17,17,14,14,17,17,15,1,2,12,0,0,0,0,0,0,0,4,10,17,17,31,17,17
920 DATA30,9,9,14,9,9,30,14,17,16,16,16,17,14,30,9,9,9,9,9,30,31,16,16,30,16,16,31,31,16,16,28,16,16,16,15,16,16,19,17,17,15
930 DATA17,17,17,31,17,17,17,14,4,4,4,4,4,14,1,1,1,1,1,17,14,17,18,20,24,20,18,17,16,16,16,16,16,16,31,17,27,21,21,17,17,17
940 DATA17,25,21,19,17,17,17,14,17,17,17,17,17,14,30,17,17,30,16,16,16,14,17,17,17,21,18,13,30,17,17,30,20,18,17
950 DATA14,17,16,14,1,17,14,31,4,4,4,4,4,4,17,17,17,17,17,17,14,17,17,17,10,10,4,4,17,17,17,17,21,27,17,17,17,10,4,10,17,17
960 DATA17,17,10,4,4,4,4,31,1,2,4,8,16,31

