2 CLS0:DIMA(45,7)
10 FORRO=1TO45:FORC=1TO7:READA(RO,C):NEXTC:NEXTRO
20 CSAVE*A,"TRAVEL2"
300 DATA2,7,4,7,1,,,7,1,3,7,,,
302 DATA7,4,5,2,,,,3,7,,1,,,1
304 DATA7,6,7,3,,,,,,,,,,,,,,,,,
306 DATA9,13,11,12,1,2,,11,8,10,11,,,
308 DATA0,,,9,,,,,,,,,,
310 DATA11,,8,,,3,,8,,14,,,,
312 DATA14,14,14,13,,4,,,13,,8,,,2
314 DATA17,23,23,23,1,,2,,16,,18,,2,
316 DATA19,,17,,,,,,18,20,,,,
318 DATA21,,,19,,5,2,22,20,23,23,,22,
320 DATA24,21,23,23,,23,,,,,,,,,,22,,,,6,
322 DATA26,,28,,1,,,,25,27,,,,
324 DATA0,,,26,,21,2,28,28,28,25,,,
326 DATA30,31,32,33,1,,,45,29,32,33,,3,2
328 DATA29,45,32,33,,24,,30,31,45,29,,,
330 DATA30,31,29,45,,25,,,,37,36,1,26,
332 DATA0,34,,,,1,2,,,34,,,,
334 DATA37,37,37,34,,,
336 DATA39,43,44,39,1,,,44,38,38,40,,,
338 DATA0,,39,41,,,,,42,40,,,27,2
340 DATA41,,43,44,,9,,38,,,42,,,,,,,,,,
342 DATA30,30,30,30,,,
